           1   1000000.00       9.99999975E-05  20
           2   3160000.00       9.99999975E-05  45
           3   5010000.00       9.99999975E-05  55
           4   6610000.00       9.99999975E-05  61
           5   8710000.00       9.99999975E-05  67
           6   10000000.0       9.99999975E-05  70
           7   14450000.0       9.99999975E-05  78
           8   25120000.0       9.99999975E-05  90
           9   40000000.0       9.99999975E-05 104
          10   55000000.0       9.99999975E-05 110
          11   101520000.       9.99999975E-05 116
          12   160900000.       9.99999975E-05 120
          13   286120000.       9.99999975E-05 125
          14   508800000.       9.99999975E-05 130
          15   904790016.       9.99999975E-05 135
          16   1.27805005E+09   9.99999975E-05 138
          17   1.43400000E+09   9.99999975E-05 139
          18   2.50000000E+09   9.99999975E-05 150
          19   4.24999987E+09   9.99999975E-05 158
          20   6.24999987E+09   9.99999975E-05 166
          21   7.50000026E+09   9.99999975E-05 171
          22   1.00000000E+10   9.99999975E-05 181
          23   1.29999995E+10   9.99999975E-05 193
          24   1.50000005E+10   9.99999975E-05 201
          25   1.79999990E+10   9.99999975E-05 213
bc2003_hr_m122_chab_ssp.ised_ASCII
bc2003_hr_m132_chab_ssp.ised_ASCII
bc2003_hr_m142_chab_ssp.ised_ASCII
bc2003_hr_m152_chab_ssp.ised_ASCII
bc2003_hr_m162_chab_ssp.ised_ASCII
bc2003_hr_m172_chab_ssp.ised_ASCII
